87924 123
57987 346
23894 326
98692 234
29375 153
98908 878
29038 453
38947 345
92741 231
92379 134
93271 235
98324 237
10398 313
29668 352
64275 353
98759 654
43678 165
63790 135
18528 252
21503 235
80581 436
44380 235
57471 239
80808 568
68818 686
20575 576
36451 574
93847 567
72063 457
23499 789
25662 457
37386 754
17981 346
72589 234
94802 436
87348 123
81763 234
79874 123
17498 345
92374 543
73111 789
51132 678
41057 678
84362 789
40069 678
22907 876
61701 432
49348 645
55763 876
79172 654
40766 765
10809 987
50231 987
94335 999
8422  765
45069 687
27640 434
27640 987
43210 987
67078 746
34907 836
86865 153
55736 746
55736 837
55736 746
86996 847
11217 635
35302 837
69610 847
54847 987
99115 948
29725 709
48990 567
64089 678
13698 456
50918 789
92423 127
55440 367
22051 246
37946 865
92312 564
80072 865
29039 464
92377 757
92195 249
64607 124
20921 453
30539 864
66964 346
36504 232
81003 124
34864 135
