1273687924230
5793257987592
2389495938471
9869287938472
2937521948020
9890898234999
2903848725891
3894792873483
9274164817630
9237982798743
9327198174987
9832478923742
1039810731110
2966872511325
6427579410579
4367863843628
6379072400697
1852833229075
2150376617010
8058135493482
4438097557636
5747163791722
8080816407664
6881894108097
2057575502315
3645197943356
7206308084223
2566268450694
3738698276403
1798179432101
5544078670783
2205166349073
3794619868652
9231247557366
8007244869967
2903979353023
9237773696101
9219546548471
6460738991152
2092195297252
3053925489907
6696412640899
3650469136982
8100389509182
3486415112176